sigmoid(-5) = 0.00669285
sigmoid(-4.9) = 0.00739154
sigmoid(-4.8) = 0.00816257
sigmoid(-4.7) = 0.0090133
sigmoid(-4.6) = 0.0099518
sigmoid(-4.5) = 0.0109869
sigmoid(-4.4) = 0.0121284
sigmoid(-4.3) = 0.0133869
sigmoid(-4.2) = 0.014774
sigmoid(-4.1) = 0.0163025
sigmoid(-4) = 0.0179862
sigmoid(-3.9) = 0.0198403
sigmoid(-3.8) = 0.0218812
sigmoid(-3.7) = 0.024127
sigmoid(-3.6) = 0.026597
sigmoid(-3.5) = 0.0293122
sigmoid(-3.4) = 0.0322954
sigmoid(-3.3) = 0.0355711
sigmoid(-3.2) = 0.0391657
sigmoid(-3.1) = 0.0431072
sigmoid(-3) = 0.0474258
sigmoid(-2.9) = 0.0521535
sigmoid(-2.8) = 0.0573241
sigmoid(-2.7) = 0.0629732
sigmoid(-2.6) = 0.0691383
sigmoid(-2.5) = 0.075858
sigmoid(-2.4) = 0.0831725
sigmoid(-2.3) = 0.0911227
sigmoid(-2.2) = 0.0997503
sigmoid(-2.1) = 0.109097
sigmoid(-2) = 0.119203
sigmoid(-1.9) = 0.130108
sigmoid(-1.8) = 0.141851
sigmoid(-1.7) = 0.154465
sigmoid(-1.6) = 0.167981
sigmoid(-1.5) = 0.182425
sigmoid(-1.4) = 0.197816
sigmoid(-1.3) = 0.214165
sigmoid(-1.2) = 0.231475
sigmoid(-1.1) = 0.249739
sigmoid(-1) = 0.268941
sigmoid(-0.900003) = 0.28905
sigmoid(-0.800003) = 0.310025
sigmoid(-0.700003) = 0.331812
sigmoid(-0.600003) = 0.354343
sigmoid(-0.500003) = 0.37754
sigmoid(-0.400003) = 0.401312
sigmoid(-0.300003) = 0.425557
sigmoid(-0.200003) = 0.450165
sigmoid(-0.100003) = 0.47502
sigmoid(-2.51979e-06) = 0.499999
sigmoid(0.0999975) = 0.524979
sigmoid(0.199997) = 0.549833
sigmoid(0.299997) = 0.574442
sigmoid(0.399997) = 0.598687
sigmoid(0.499997) = 0.622459
sigmoid(0.599997) = 0.645656
sigmoid(0.699997) = 0.668187
sigmoid(0.799998) = 0.689974
sigmoid(0.899998) = 0.710949
sigmoid(0.999998) = 0.731058
sigmoid(1.1) = 0.75026
sigmoid(1.2) = 0.768524
sigmoid(1.3) = 0.785835
sigmoid(1.4) = 0.802184
sigmoid(1.5) = 0.817574
sigmoid(1.6) = 0.832018
sigmoid(1.7) = 0.845534
sigmoid(1.8) = 0.858149
sigmoid(1.9) = 0.869891
sigmoid(2) = 0.880797
sigmoid(2.1) = 0.890903
sigmoid(2.2) = 0.900249
sigmoid(2.3) = 0.908877
sigmoid(2.4) = 0.916827
sigmoid(2.5) = 0.924142
sigmoid(2.6) = 0.930861
sigmoid(2.7) = 0.937027
sigmoid(2.8) = 0.942676
sigmoid(2.9) = 0.947846
sigmoid(3) = 0.952574
sigmoid(3.1) = 0.956893
sigmoid(3.2) = 0.960834
sigmoid(3.3) = 0.964429
sigmoid(3.4) = 0.967704
sigmoid(3.5) = 0.970688
sigmoid(3.6) = 0.973403
sigmoid(3.7) = 0.975873
sigmoid(3.8) = 0.978119
sigmoid(3.9) = 0.98016
sigmoid(4) = 0.982014
sigmoid(4.1) = 0.983697
sigmoid(4.2) = 0.985226
sigmoid(4.3) = 0.986613
sigmoid(4.4) = 0.987872
sigmoid(4.5) = 0.989013
sigmoid(4.6) = 0.990048
sigmoid(4.7) = 0.990987
sigmoid(4.8) = 0.991837
sigmoid(4.9) = 0.992608
sigmoid(5) = 0.993307
